0 23.1800003051758
0.5 23.1800003051758
1 23.1580196804625
1.5 23.1499996185303
2 23.1360399433211
2.5 23.1432181141658
3 23.1880203671098
3.5 23.1800003051758
4 23.1800003051758
4.5 23.227820974162
5 23.1670304697462
5.5 23.0982181057533
6 23.0699996948242
6.5 23.0463872830689
7 22.9799995422363
7.5 22.9799995422363
8 22.7991135197391
8.5 22.7700004577637
9 22.7521789552284
9.5 22.7399997711182
10 22.7203975130621
10.5 22.6568350348383
11 22.5599994659424
11.5 22.5599994659424
12 22.5362389732762
12.5 22.5300006866455
13 22.5037641175676
13.5 22.4799995422363
14 22.4722781536572
14.5 22.4500007629395
15 22.4500007629395
15.5 22.4243082896813
16 22.4200000762939
16.5 22.4376724876188
17 22.4500007629395
17.5 22.4500007629395
18 22.4500007629395
18.5 22.4494566671195
19 22.4407931152273
19.5 22.4242585926125
20 22.4200000762939
20.5 22.4200000762939
21 22.4200000762939
21.5 22.4250486018289
22 22.4400005340576
22.5 22.4400005340576
23 22.4485149947405
23.5 22.4500007629395
24 22.5668195548008
24.5 22.6499996185303
25 22.681676541613
25.5 22.7792965133164
26 22.9099998474121
26.5 22.9099998474121
27 22.9099998474121
27.5 22.8646089075759
28 22.8554439116138
28.5 22.8509446258011
29 22.8125764697082
29.5 22.7900009155273
30 22.7900009155273
30.5 22.7222828066289
31 22.7099990844727
31.5 22.7505389519105
32 22.7800006866455
32.5 22.7893542589089
33 22.8046556697028
33.5 22.7813347068616
34 22.8073237101412
34.5 22.8099994659424
35 22.7971308940871
35.5 22.8001963883494
36 22.8024770921524
36.5 22.7900009155273
37 22.7921770912528
37.5 22.8095025426336
38 22.8015843994001
38.5 22.7999992370605
39 22.7655500567949
39.5 22.7399997711182
40 22.7307946953576
40.5 22.7082677331593
41 22.699210753723
41.5 22.6818836499386
42 22.6800003051758
42.5 22.6672299001284
43 22.6549513218776
43.5 22.6425759214383
44 22.6299991607666
44.5 22.6289608642714
45 22.6202989647819
45.5 22.6200008392334
46 22.6200008392334
46.5 22.6200008392334
47 22.602579485214
47.5 22.5890559082532
48 22.6184102121825
48.5 22.6593092323351
49 22.6419821285507
49.5 22.6399993896484
50 22.6399993896484
50.5 22.6399993896484
51 22.6473236925997
51.5 22.6599998474121
52 22.6570334549182
52.5 22.6310427992416
53 22.6299991607666
53.5 22.6230214964609
54 22.6200008392334
54.5 22.6286113008865
55 22.6399993896484
55.5 22.6351028386027
56 22.6100006103516
56.5 22.6100006103516
57 22.5642656981164
57.5 22.5248572024204
58 22.5100002288818
58.5 22.5280618119014
59 22.5599994659424
59.5 22.5599994659424
60 22.5599994659424
60.5 22.5599994659424
61 22.6085032327163
61.5 22.6299991607666
62 22.6597907713204
62.5 22.7000007629395
63 22.7126611841928
63.5 22.7812302067328
64 22.8245463137943
64.5 22.8299999237061
65 22.8299999237061
65.5 22.8397987923557
66 22.8927521104393
66.5 22.9699993133545
67 22.9735569267884
67.5 23.0082111343572
68 23.0100002288818
68.5 23.0100002288818
69 23.0100002288818
69.5 22.9216706402126
70 22.7999992370605
70.5 22.7938679561636
71 22.7621585710692
71.5 22.8574559894887
72 22.9226610429733
72.5 22.9400005340576
73 22.9739477698471
73.5 22.99594798782
74 22.9721756966303
74.5 22.9799995422363
75 22.9799995422363
75.5 22.971832961045
76 22.9563408076222
76.5 22.9280278540857
77 22.9099998474121
77.5 22.9099998474121
78 22.9070334549184
78.5 22.8891203020427
79 22.837140643093
79.5 22.7627408016536
80 22.7399997711182
80.5 22.7016003651635
81 22.6703899369975
81.5 22.6836204754393
82 22.6599998474121
82.5 22.6599998474121
83 22.5869494384554
83.5 22.5699996948242
84 22.5210089617783
84.5 22.4799995422363
85 22.4910802468986
85.5 22.4984985169465
86 22.3699040170461
86.5 22.3612404651526
87 22.27091766118
87.5 22.2399997711182
88 22.192497246015
88.5 22.1399993896484
89 22.1233838727028
89.5 22.0599994659424
90 22.0599994659424
90.5 22.0842010270973
91 22.0900001525879
91.5 22.2194490600241
92 22.3299999237061
92.5 22.3191185262011
93 22.2900009155273
93.5 22.2891526813886
94 22.1332120521112
94.5 21.9256548291499
95 21.8600006103516
95.5 21.709583523167
96 21.5400009155273
96.5 21.4609380716243
97 21.1499996185303
97.5 21.1499996185303
98 20.9255160157864
98.5 20.8700008392334
99 20.8646567032306
99.5 20.8600006103516
100 20.8546590462994
100.5 20.8400001525879
101 20.8400001525879
101.5 20.8833034003809
102 20.8533792718568
102.5 20.8579630304748
103 20.8700008392334
103.5 20.8567437512954
104 20.8141795409263
104.5 20.75
105 20.75
105.5 20.75
106 20.75
106.5 20.7182343762125
107 20.6900005340576
107.5 20.6716534392971
108 20.6200008392334
108.5 20.6200008392334
109 20.6027782734948
109.5 20.5709019579438
110 20.5481247407014
110.5 20.5400009155273
111 20.5334717656979
111.5 20.5122888660589
112 20.4788171003631
112.5 20.4614899965771
113 20.4599990844727
113.5 20.446837502047
114 20.4295110503318
114.5 20.4004604973126
115 20.3597152876955
115.5 20.3299999237061
116 20.3299999237061
116.5 20.2957552134634
117 20.2683261890921
117.5 20.2423355334134
118 20.2299995422363
118.5 20.22035552188
119 20.1906097586637
119.5 20.1467505786145
120 20.0947709196648
120.5 20.0900001525879
121 20.0900001525879
121.5 20.0900001525879
122 20.08228341698
122.5 20.0674780040095
123 20.0599994659424
123.5 20.0599994659424
124 20.0940470208616
124.5 20.0856499579894
125 20.0858384584581
125.5 20.0900001525879
126 20.0836697910403
126.5 20.0699996948242
127 20.0670488278482
127.5 20.0150691688985
128 20.0100002288818
128.5 19.9970361794579
129 19.9899997711182
129.5 19.9633398024124
130 19.9200000762939
130.5 19.9177294427837
131 19.9004023389965
131.5 19.8999996185303
132 19.8572478895607
132.5 19.8284224772245
133 19.8199996948242
133.5 19.8231151785283
134 19.8299999237061
134.5 19.8308841831607
135 19.8482112869451
135.5 19.8500003814697
136 19.9400505147598
136.5 19.9899997711182
137 20.0388657117932
137.5 20.1200008392334
138 20.1362847203926
138.5 20.2662346939892
139 20.2700004577637
139.5 20.3832108402261
140 20.3726099936944
140.5 20.3960351986759
141 20.4799995422363
141.5 20.5076646369634
142 20.6396069569933
142.5 20.6309434050989
143 20.6299991607666
143.5 20.6938242491096
144 20.7299995422363
144.5 20.7188724199271
145 20.7000007629395
145.5 20.7145032843919
146 20.8357897060757
146.5 20.8400001525879
147 20.9383631598262
147.5 20.8889706158762
148 20.8722320632474
148.5 20.9400005340576
149 20.9601528443265
149.5 21.0545158273162
150 20.9159023018131
150.5 20.999703092077
151 21.0300006866455
151.5 21.089953858908
152 21.1975734543364
152.5 21.2614179094185
153 21.2069041536503
153.5 21.2675473644979
154 21.2700004577637
154.5 21.2909283975277
155 21.2774413268476
155.5 21.2815147555683
156 21.3099994659424
156.5 21.3018511992528
157 21.2573629381331
157.5 21.1793926235068
158 21.1700000762939
158.5 21.1700000762939
159 21.1700000762939
159.5 21.1700000762939
160 21.176819692688
160.5 21.201873641265
161 21.2191990926459
161.5 21.2199993133545
162 21.2338527661355
162.5 21.251179869921
163 21.2685069737062
163.5 21.2800006866455
164 21.2784206682108
164.5 21.2700004577637
165 21.2700004577637
165.5 21.224579159666
166 21.2099990844727
166.5 21.1708251194803
167 21.1299991607666
167.5 21.114435026093
168 21.0599994659424
168.5 21.0599994659424
169 21.0764268785597
169.5 21.0799999237061
170 21.0522992187645
170.5 21.0342043619874
171 21.0400009155273
171.5 21.0400009155273
172 21.0400009155273
172.5 21.0400009155273
173 21.0099188384127
173.5 21
174 20.9951528346981
174.5 20.9899997711182
175 20.9834783371485
175.5 20.9599990844727
176 20.9599990844727
176.5 20.9436726231219
177 20.9400005340576
177.5 20.9345098787962
178 20.9216923486315
178.5 20.907182546129
179 20.8999996185303
179.5 20.8998556712249
180 20.8911921193318
180.5 20.8899993896484
181 20.8899993896484
181.5 20.8804053682086
182 20.8700008392334
182.5 20.8572561537138
183 20.8099994659424
183.5 20.8099994659424
184 20.7775437649156
184.5 20.7700004577637
185 20.742795666809
185.5 20.7158950321525
186 20.6961615912759
186.5 20.6599998474121
187 20.6598113469408
187.5 20.6424842431564
188 20.6548416399263
188.5 20.6417465029606
189 20.6062612105038
189.5 20.5799999237061
190 20.5737766721565
190.5 20.5529501978355
191 20.587604405413
191.5 20.5819355374892
192 20.5799999237061
192.5 20.5476533852595
193 20.49567295297
193.5 20.4491279742898
194 20.4200000762939
194.5 20.4199109699621
195 20.4025838661777
195.5 20.3926281904611
196 20.4081036428878
196.5 20.4200000762939
197 20.4603362004023
197.5 20.5400009155273
198 20.5496332568005
198.5 20.6709196785036
199 20.8322806903428
199.5 20.8700008392334
200 20.8860245125857
200.5 20.8559473885567
201 20.7206289803589
201.5 20.5300006866455
202 20.5300006866455
202.5 20.1750142162431
203 20.1200008392334
203.5 19.575372339676
204 19.2099990844727
204.5 19.0742225413559
205 18.7999992370605
205.5 18.741911085414
206 17.9535460396622
206.5 17.8899993896484
207 17.6182354082253
207.5 17.4799995422363
208 16.54
208.5 16.4247826086957
209 16.3095652173913
209.5 16.194347826087
210 16.0791304347826
210.5 15.9639130434783
211 15.8486956521739
211.5 15.7334782608696
212 15.6182608695652
212.5 15.5030434782609
213 15.2544444444444
213.5 14.9725
214 14.6905555555556
214.5 14.4086111111111
215 14.1266666666667
215.5 13.8447222222222
216 13.5627777777778
216.5 13.4041666666667
217 13.3277777777778
217.5 13.2513888888889
218 13.175
218.5 13.0986111111111
219 13.0222222222222
219.5 12.9458333333333
220 12.7852941176471
220.5 12.4985294117647
221 12.2117647058824
221.5 11.925
222 11.6382352941176
222.5 11.3514705882353
223 11.0647058823529
223.5 10.8694736842105
224 10.7352631578947
224.5 10.6010526315789
225 10.4668421052632
225.5 10.3326315789474
226 10.1984210526316
226.5 10.0642105263158
227 9.93
227.5 9.91229166666666
228 9.89458333333333
228.5 9.876875
229 9.85916666666667
229.5 9.84145833333333
230 9.82375
230.5 9.80604166666667
231 9.78833333333333
231.5 9.770625
232 9.770625
232.5 9.7971875
233 9.82375
233.5 9.8503125
234 9.876875
234.5 9.9034375
235 9.93
235.5 9.9175
236 9.905
236.5 9.8925
237 9.88
237.5 9.8675
238 9.855
238.5 9.8425
239 9.83
239.5 9.8075
240 9.785
240.5 9.7625
241 9.74
241.5 9.73605263157895
242 9.73210526315789
242.5 9.72815789473684
243 9.72421052631579
243.5 9.72026315789474
244 9.71631578947368
244.5 9.71236842105263
245 9.70238095238095
245.5 9.68333333333333
246 9.66428571428571
246.5 9.64523809523809
247 9.62619047619047
247.5 9.60714285714286
248 9.58809523809524
248.5 9.56904761904762
249 9.55
249.5 9.6703125
250 9.790625
250.5 9.9109375
251 10.03125
251.5 10.1515625
252 10.271875
252.5 10.35125
253 10.4033333333333
253.5 10.4554166666667
254 10.5075
254.5 10.5595833333333
255 10.6116666666667
255.5 10.66375
256 10.7158333333333
256.5 10.7679166666667
257 10.82
257.5 10.745
258 10.67
258.5 10.595
259 10.52
259.5 10.445
260 10.37
260.5 10.3575
261 10.345
261.5 10.3325
262 10.32
262.5 10.3075
263 10.295
263.5 10.2825
264 10.27
264.5 10.285625
265 10.30125
265.5 10.316875
266 10.3325
266.5 10.348125
267 10.36375
267.5 10.379375
268 10.395
268.5 10.410625
269 10.4325
269.5 10.46375
270 10.495
270.5 10.52625
271 10.5575
271.5 10.58875
272 10.62
272.5 10.65125
273 10.6725
273.5 10.67875
274 10.685
274.5 10.69125
275 10.6975
275.5 10.70375
276 10.71
276.5 10.8933333333333
277 11.0766666666667
277.5 11.26
278 11.4433333333333
278.5 11.6266666666667
279 11.81
279.5 11.9933333333333
280 12.0414285714286
280.5 12.0557142857143
281 12.07
281.5 12.0842857142857
282 12.0985714285714
282.5 12.1128571428571
283 12.1271428571429
283.5 12.1414285714286
284 12.1529411764706
284.5 12.1602941176471
285 12.1676470588235
285.5 12.175
286 12.1823529411765
286.5 12.1897058823529
287 12.1970588235294
287.5 12.22775
288 12.274
288.5 12.32025
289 12.3665
289.5 12.41275
290 12.459
290.5 12.50525
291 12.5515
291.5 12.5794736842105
292 12.5952631578947
292.5 12.6110526315789
293 12.6268421052632
293.5 12.6426315789474
294 12.6584210526316
294.5 12.6742105263158
295 12.69
295.5 12.7483333333333
296 12.8066666666667
296.5 12.865
297 12.9233333333333
297.5 12.9816666666667
298 13.04
298.5 13.0983333333333
299 13.1566666666667
299.5 13.1206818181818
300 13.0218181818182
300.5 12.9229545454545
301 12.8240909090909
301.5 12.7252272727273
302 12.6263636363636
302.5 12.5275
303 12.4286363636364
303.5 12.3297727272727
304 12.3829411764706
304.5 12.4741176470588
305 12.5652941176471
305.5 12.6564705882353
306 12.7476470588235
306.5 12.8388235294118
307 12.93
307.5 13.37
308 13.81
308.5 15.2183333333333
309 15.507619047619
309.5 15.5171428571429
310 15.5266666666667
310.5 15.5361904761905
311 15.5457142857143
311.5 15.5552380952381
312 15.5647619047619
312.5 15.5742857142857
313 15.5844
313.5 15.5954
314 15.6064
314.5 15.6174
315 15.6284
315.5 15.6394
316 15.6504
316.5 15.6614
317 15.6724
317.5 15.6834
318 15.6914285714286
318.5 15.695
319 15.6985714285714
319.5 15.7021428571429
320 15.7057142857143
320.5 15.7092857142857
321 15.7041176470588
321.5 15.6967647058824
322 15.6894117647059
322.5 15.6820588235294
323 15.6747058823529
323.5 15.6673529411765
324 15.66
324.5 15.66125
325 15.6625
325.5 15.66375
326 15.665
326.5 15.66625
327 15.6675
327.5 15.66875
328 15.67
328.5 15.67375
329 15.6775
329.5 15.68125
330 15.685
330.5 15.68875
331 15.6925
331.5 15.69625
332 15.7
332.5 16.1677397305917
333 16.1504126268073
333.5 16.1499996185303
334 16.164240360062
334.5 16.1700000762939
335 16.1744470930813
335.5 16.1800003051758
336 16.183547630797
336.5 16.2000007629395
337 16.2000007629395
337.5 16.1611814593109
338 16.1435724347938
338.5 16.1450898963957
339 16.1499996185303
339.5 16.1499996185303
340 16.1510800943108
340.5 16.1597436462038
341 16.1599998474121
341.5 16.1599998474121
342 16.1599998474121
342.5 16.1599998474121
343 16.1569392046839
343.5 16.1465516870512
344 16.1299991607666
344.5 16.1299991607666
345 16.1377133244211
345.5 16.1208681460313
346 16.0999189909974
346.5 16.0900001525879
347 16.092367608287
347.5 16.104123299712
348 16.1387758548805
348.5 16.1734300041053
349 16.1800003051758
349.5 16.1970521199157
350 16.2186943297684
350.5 16.2450542705274
351 16.2917202479945
351.5 16.3500003814697
352 16.3500003814697
352.5 16.5722640650175
353 16.6210172277628
353.5 16.7747035185638
354 16.9400005340576
354.5 17.0280731516233
355 17.3199996948242
355.5 17.3199996948242
356 17.5526177243229
356.5 17.6000003814697
357 17.7859379673892
357.5 17.9300003051758
358 17.986262898756
358.5 18.1200008392334
359 18.1292132471679
359.5 18.4064402981043
360 18.6303654148093
360.5 18.6774443490071
361 18.6897647959624
361.5 18.7099990844727
362 18.7122671460312
362.5 18.7199993133545
363 18.7199993133545
363.5 18.7282575728283
364 18.7299995422363
364.5 18.7355844477327
365 18.7399997711182
365.5 18.7429113226369
366 18.75
366.5 18.7502381975395
367 18.7589017494339
367.5 18.7600002288818
368 18.7662286243368
368.5 18.7700004577637
369 18.7700004577637
369.5 18.7766551281197
370 18.7999992370605
370.5 18.7999992370605
371 18.7999992370605
371.5 18.7999992370605
372 18.8055344454863
372.5 18.8099994659424
373 18.8071376114941
373.5 18.7999992370605
374 18.7994337716041
374.5 18.7734447683269
375 18.7700004577637
375.5 18.7761791561489
376 18.8090518915005
376.5 18.8470108414028
377 18.8600006103516
377.5 18.8608326007808
378 18.8694961526739
378.5 18.8618419738994
379 18.8600006103516
379.5 18.8654861217071
380 18.8700008392334
380.5 18.8868732471391
381 18.9314757855646
381.5 18.9406945245835
382 18.984010631641
382.5 18.9899997711182
383 19.0267726100234
383.5 19.0547915613864
384 19.0807333499648
384.5 19.1200008392334
385 19.1239121568235
385.5 19.167228263881
386 19.178109244558
386.5 19.2206339611047
387 19.2399997711182
387.5 19.2645938130673
388 19.3138115385976
388.5 19.3514261647888
389 19.3605352313377
389.5 19.4125148902874
390 19.4200000762939
390.5 19.4564747422573
391 19.4799995422363
391.5 19.5004352438383
392 19.5400009155273
392.5 19.5443963535372
393 19.5963760124869
393.5 19.6000003814697
394 19.6873941416466
394.5 19.7299995422363
395 19.774542612374
395.5 19.8400001525879
396 19.856512662655
396.5 19.9604325788114
397 20.055729997231
397.5 20.0699996948242
398 20.1363242237197
398.5 20.1846932353616
399 20.2269180389417
399.5 20.2999992370605
400 20.3027308339404
400.5 20.3373850415093
401 20.3400001525879
401.5 20.3933836569016
402 20.4200000762939
402.5 20.4399980292019
403 20.4699993133545
403.5 20.4792840376106
404 20.5399289008561
404.5 20.5400009155273
405 20.5765824554977
405.5 20.5900001525879
406 20.6132154325622
406.5 20.6598387264102
407 20.7000007629395
407.5 20.7037998550646
408 20.7557795140191
408.5 20.7600002288818
409 20.7997393659765
409.5 20.8199996948242
410 20.8397499252564
410.5 20.8700008392334
411 20.8751073641625
411.5 20.9097599193333
412 20.9099998474121
412.5 20.8954660673654
413 20.8899993896484
413.5 20.8854058536025
414 20.8767429228924
414.5 20.8680806571658
415 20.8600006103516
415.5 20.8600006103516
416 20.8520902303685
416.5 20.8434266784763
417 20.8400001525879
417.5 20.8360998035712
418 20.8299999237061
418.5 20.8287729286683
419 20.8201093767739
419.5 20.8114458248817
420 20.8027822729895
420.5 20.7999992370605
421 20.7999992370605
421.5 20.7967926867773
422 20.7881304305295
422.5 20.7800006866455
423 20.7800006866455
423.5 20.7721400037324
424 20.76347645184
424.5 20.7548128999469
425 20.7461493480536
425.5 20.7399997711182
426 20.7399997711182
426.5 20.7399997711182
427 20.7144872525009
427.5 20.7171665803558
428 20.7199993133545
428.5 20.72449345526
429 20.7268420773195
429.5 20.7199993133545
430 20.7199993133545
430.5 20.7199993133545
431 20.6809458739345
431.5 20.6700000762939
432 20.6597248125653
432.5 20.6499996185303
433 20.657392452193
433.5 20.6800003051758
434 20.6800003051758
434.5 20.6884547809784
435 20.7113525729166
435.5 20.7199993133545
436 20.7333326478603
436.5 20.7437844643059
437 20.7353128148086
437.5 20.7600002288818
438 20.7600002288818
438.5 20.7832840951995
439 20.7900009155273
439.5 20.7798250459382
440 20.7700004577637
440.5 20.7772437396809
441 20.7999992370605
441.5 20.7999992370605
442 20.8168087945221
442.5 20.8199996948242
443 20.8715814244532
443.5 20.9099998474121
444 20.9375219011306
444.5 21.0068855751507
445 21.0400009155273
445.5 21.0400009155273
446 21.1171138908838
446.5 21.1399993896484
447 21.1601523405459
447.5 21.1800003051758
448 21.2012838078339
448.5 21.2700004577637
449 21.2700004577637
449.5 21.303419190839
450 21.3099994659424
450.5 21.3611339314224
451 21.3999996185303
451.5 21.4180492869765
452 21.4566560098803
452.5 21.4433506674422
453 21.5299845339608
453.5 21.5400009155273
454 21.5716257973314
454.5 21.5800230712796
455 21.5699996948242
455.5 21.5653693214718
456 21.5499992370605
456.5 21.5499992370605
457 21.5416954365594
457.5 21.5400009155273
458 21.5174727930707
458.5 21.5
459 21.482248504498
459.5 21.4351345351194
460 21.4082879658805
460.5 21.3563083069308
461 21.3500003814697
461.5 21.3123484549622
462 21.2702455411897
462.5 21.2283876874723
463 21.176407596419
463.5 21.1299991607666
464 21.1299991607666
464.5 21.0804666102497
465 21.0492439828948
465.5 21.0065069142682
466 20.9799995422363
466.5 20.9625462196741
467 20.9137108659886
467.5 20.8771717435827
468 20.7732124256834
468.5 20.7600002288818
469 20.7039690048062
469.5 20.6700000762939
470 20.6131619190219
470.5 20.5100002288818
471 20.5003301255407
471.5 20.4050327071148
472 20.3999996185303
472.5 20.2832239100484
473 20.2355321787098
473.5 20.2399997711182
474 20.242859053614
474.5 20.25
475 20.2496281429668
475.5 20.232301039178
476 20.2299995422363
476.5 20.2238234158043
477 20.2199993133545
477.5 20.1919778017977
478 20.1399993896484
478.5 20.1375112924126
479 20.1115222891354
479.5 20.1100006103516
480 20.0759025283909
480.5 20.0599994659424
481 20.0682919907701
481.5 20.0799999237061
482 20.0814728321425
482.5 20.0900001525879
483 20.0900001525879
483.5 20.0900001525879
484 20.0900001525879
484.5 20.0900001525879
485 20.0900001525879
485.5 20.0900001525879
486 20.0892204311815
486.5 20.0805568792885
487 20.0799999237061
487.5 20.0799999237061
488 20.0799999237061
488.5 20.075903358362
489 20.0699996948242
489.5 20.0685764834575
490 20.0601725346965
490.5 20.0774996384837
491 20.0799999237061
491.5 20.067846459121
492 20.0599994659424
492.5 20.0838224650133
493 20.1299991607666
493.5 20.1336492824493
494 20.1769670419104
494.5 20.1800003051758
495 20.1800003051758
495.5 20.1530825788614
496 20.1057187229818
496.5 20.0699996948242
497 20.0823610615185
497.5 20.1598156679015
498 20.116499560844
498.5 20.0952731859294
499 20.0900001525879
499.5 20.0853097943547
500 20.0833536049504
500.5 20.0900001525879
501 20.0893198253211
501.5 20.0806562734289
502 20.0799999237061
502.5 20.0799999237061
503 20.0906676200913
503.5 20.0960032102663
504 20.0900001525879
504.5 20.0886763353616
505 20.0800127834694
505.5 20.0626985394467
506 20.0599994659424
506.5 20.0599994659424
507 20.0785621105961
507.5 20.1000003814697
508 20.107869234988
508.5 20.1399993896484
509 20.1399993896484
509.5 20.1797869151466
510 20.1900005340576
510.5 20.2005678284546
511 20.2257889810057
511.5 20.25
512 20.2538223604696
512.5 20.2798130161462
513 20.2283947162861
513.5 20.2417922675657
514 20.25
514.5 20.2637728922795
515 20.2800006866455
515.5 20.2761654664161
516 20.2600002288818
516.5 20.2600002288818
517 20.3153533768309
517.5 20.3299999237061
518 20.3038286518103
518.5 20.2800006866455
519 20.269756286349
519.5 20.2387753480328
520 20.2301117961392
520.5 20.2299995422363
521 20.2227849212359
521.5 20.2199993133545
522 20.2427056484695
522.5 20.2700004577637
523 20.2924147017673
523.5 20.3899993896484
524 20.3899993896484
524.5 20.3585684445893
525 20.3500003814697
525.5 20.3188928284678
526 20.2900009155273
526.5 20.2824667065149
527 20.2600002288818
527.5 20.2600002288818
528 20.2685018298015
528.5 20.2126824328879
529 20.1783440401732
529.5 20.1610169363874
530 20.1499996185303
530.5 20.1427271014198
531 20.1100006103516
531.5 20.1100006103516
532 20.1021921964614
532.5 20.1000003814697
533 20.0948653215578
533.5 20.082403386741
534 20.0675379888898
534.5 20.0599994659424
535 20.0599994659424
535.5 20.0515475620925
536 20.0357701404308
536.5 20.0242221367744
537 20.0200004577637
537.5 20.0200004577637
538 20.0164634199548
538.5 20
539 20
539.5 20.0077587168197
540 20.0100002288818
540.5 20.015085591724
541 20.0050057143488
541.5 19.9848235599656
542 20
542.5 20
543 20.0168044135595
543.5 20.0129349279732
544 20.0157290816827
544.5 20.0200004577637
545 20.0230559565878
545.5 20.0300006866455
546 20.0300006866455
546.5 20.0300006866455
547 20.0300006866455
547.5 20.0427441567673
548 20.0550349028322
548.5 20.0563004771598
549 20.0523615488548
549.5 20.0599994659424
550 20.0599994659424
550.5 20.0767044853608
551 20.0659682582651
551.5 20.0656786216735
552 20.0699996948242
552.5 20.0699996948242
553 20.0699996948242
553.5 20.0690024149066
554 20.0430134116312
554.5 20.0400009155273
555 20.0273556241461
555.5 20.0200004577637
556 19.9835082366663
556.5 19.9200000762939
557 19.9170722630873
557.5 19.8910816074107
558 19.9232106402009
558.5 19.9300003051758
559 19.9412592224985
559.5 19.9500007629395
560 19.9559124084859
560.5 19.9699993133545
561 19.9702820640599
561.5 19.9789456159521
562 19.9799995422363
562.5 19.9925454394781
563 20
563.5 20.0035995946425
564 20.0100002288818
564.5 20.0118527102117
565 20.0291798139978
565.5 20.0300006866455
566 20.0369171252254
566.5 20.0400009155273
567 20.0484862754457
567.5 20.0599994659424
568 20.0599994659424
568.5 20.0597664123067
569 20.0511028604145
569.5 20.0499992370605
570 20.0499992370605
570.5 20.0499992370605
571 20.0464500165621
571.5 20.0400009155273
572 20.0391243719322
572.5 20.03046082004
573 20.0300006866455
573.5 20.0300006866455
574 20.0300006866455
574.5 20.0258072991132
575 20.0200004577637
575.5 20.0200004577637
576 20.0198171011978
